! Database Title     exotxt                          2013/08/07                       1.23                           
cubit(C:/Users/raymond.a.wildman/Desktop/quad_mesh_hole.e): 11/10/2016: 15:57:11
! Database initial variables
         2      4.98        32     ! dimensions, version number, name length
       936       864         1     ! nodes, elements, element blocks
         2         0               ! #node sets, #side sets
        32        32               ! len: node set list, dist fact length
         0         0         0     ! side sets len: element, node , dist fact
! Coordinate names
x                                y                               
! Coordinates
  -1.0000000E-01  -5.0000000E-01
  -6.6666667E-02  -5.0000000E-01
  -6.6666667E-02  -4.6666667E-01
  -1.0000000E-01  -4.6666667E-01
  -3.3333333E-02  -5.0000000E-01
  -3.3333333E-02  -4.6666667E-01
   0.0000000E+00  -5.0000000E-01
   6.0715322E-18  -4.6666667E-01
   3.3333333E-02  -5.0000000E-01
   3.3333333E-02  -4.6666667E-01
   6.6666667E-02  -5.0000000E-01
   6.6666667E-02  -4.6666667E-01
   1.0000000E-01  -5.0000000E-01
   1.0000000E-01  -4.6666667E-01
   1.3333333E-01  -5.0000000E-01
   1.3333333E-01  -4.6666667E-01
   1.6666667E-01  -5.0000000E-01
   1.6666667E-01  -4.6666667E-01
   2.0000000E-01  -5.0000000E-01
   2.0000000E-01  -4.6666667E-01
   2.3333333E-01  -5.0000000E-01
   2.3333333E-01  -4.6666667E-01
   2.6666667E-01  -5.0000000E-01
   2.6666667E-01  -4.6666667E-01
   3.0000000E-01  -5.0000000E-01
   3.0000000E-01  -4.6666667E-01
   3.3333333E-01  -5.0000000E-01
   3.3333333E-01  -4.6666667E-01
   3.6666667E-01  -5.0000000E-01
   3.6666667E-01  -4.6666667E-01
   4.0000000E-01  -5.0000000E-01
   4.0000000E-01  -4.6666667E-01
   4.3333333E-01  -5.0000000E-01
   4.3333333E-01  -4.6666667E-01
   4.6666667E-01  -5.0000000E-01
   4.6666667E-01  -4.6666667E-01
   5.0000000E-01  -5.0000000E-01
   5.0000000E-01  -4.6666667E-01
  -6.6666667E-02  -4.3333333E-01
  -1.0000000E-01  -4.3333333E-01
  -3.3333333E-02  -4.3333333E-01
  -1.7347235E-18  -4.3333333E-01
   3.3333333E-02  -4.3333333E-01
   6.6666667E-02  -4.3333333E-01
   1.0000000E-01  -4.3333333E-01
   1.3333333E-01  -4.3333333E-01
   1.6666667E-01  -4.3333333E-01
   2.0000000E-01  -4.3333333E-01
   2.3333333E-01  -4.3333333E-01
   2.6666667E-01  -4.3333333E-01
   3.0000000E-01  -4.3333333E-01
   3.3333333E-01  -4.3333333E-01
   3.6666667E-01  -4.3333333E-01
   4.0000000E-01  -4.3333333E-01
   4.3333333E-01  -4.3333333E-01
   4.6666667E-01  -4.3333333E-01
   5.0000000E-01  -4.3333333E-01
  -6.6666667E-02  -4.0000000E-01
  -1.0000000E-01  -4.0000000E-01
  -3.3333333E-02  -4.0000000E-01
   3.4694470E-18  -4.0000000E-01
   3.3333333E-02  -4.0000000E-01
   6.6666667E-02  -4.0000000E-01
   1.0000000E-01  -4.0000000E-01
   1.3333333E-01  -4.0000000E-01
   1.6666667E-01  -4.0000000E-01
   2.0000000E-01  -4.0000000E-01
   2.3333333E-01  -4.0000000E-01
   2.6666667E-01  -4.0000000E-01
   3.0000000E-01  -4.0000000E-01
   3.3333333E-01  -4.0000000E-01
   3.6666667E-01  -4.0000000E-01
   4.0000000E-01  -4.0000000E-01
   4.3333333E-01  -4.0000000E-01
   4.6666667E-01  -4.0000000E-01
   5.0000000E-01  -4.0000000E-01
  -6.6666667E-02  -3.6666667E-01
  -1.0000000E-01  -3.6666667E-01
  -3.3333333E-02  -3.6666667E-01
   1.3877788E-17  -3.6666667E-01
   3.3333333E-02  -3.6666667E-01
   6.6666667E-02  -3.6666667E-01
   1.0000000E-01  -3.6666667E-01
   1.3333333E-01  -3.6666667E-01
   1.6666667E-01  -3.6666667E-01
   2.0000000E-01  -3.6666667E-01
   2.3333333E-01  -3.6666667E-01
   2.6666667E-01  -3.6666667E-01
   3.0000000E-01  -3.6666667E-01
   3.3333333E-01  -3.6666667E-01
   3.6666667E-01  -3.6666667E-01
   4.0000000E-01  -3.6666667E-01
   4.3333333E-01  -3.6666667E-01
   4.6666667E-01  -3.6666667E-01
   5.0000000E-01  -3.6666667E-01
  -6.6666667E-02  -3.3333333E-01
  -1.0000000E-01  -3.3333333E-01
  -3.3333333E-02  -3.3333333E-01
   1.3877788E-17  -3.3333333E-01
   3.3333333E-02  -3.3333333E-01
   6.6666667E-02  -3.3333333E-01
   1.0000000E-01  -3.3333333E-01
   1.3333333E-01  -3.3333333E-01
   1.6666667E-01  -3.3333333E-01
   2.0000000E-01  -3.3333333E-01
   2.3333333E-01  -3.3333333E-01
   2.6666667E-01  -3.3333333E-01
   3.0000000E-01  -3.3333333E-01
   3.3333333E-01  -3.3333333E-01
   3.6666667E-01  -3.3333333E-01
   4.0000000E-01  -3.3333333E-01
   4.3333333E-01  -3.3333333E-01
   4.6666667E-01  -3.3333333E-01
   5.0000000E-01  -3.3333333E-01
  -6.6666667E-02  -3.0000000E-01
  -1.0000000E-01  -3.0000000E-01
  -3.3333333E-02  -3.0000000E-01
   0.0000000E+00  -3.0000000E-01
   3.3333333E-02  -3.0000000E-01
   6.6666667E-02  -3.0000000E-01
   1.0000000E-01  -3.0000000E-01
   1.3333333E-01  -3.0000000E-01
   1.6666667E-01  -3.0000000E-01
   2.0000000E-01  -3.0000000E-01
   2.3333333E-01  -3.0000000E-01
   2.6666667E-01  -3.0000000E-01
   3.0000000E-01  -3.0000000E-01
   3.3333333E-01  -3.0000000E-01
   3.6666667E-01  -3.0000000E-01
   4.0000000E-01  -3.0000000E-01
   4.3333333E-01  -3.0000000E-01
   4.6666667E-01  -3.0000000E-01
   5.0000000E-01  -3.0000000E-01
  -6.6666667E-02  -2.6666667E-01
  -1.0000000E-01  -2.6666667E-01
  -3.3333333E-02  -2.6666667E-01
  -1.3877788E-17  -2.6666667E-01
   3.3333333E-02  -2.6666667E-01
   6.6666667E-02  -2.6666667E-01
   1.0000000E-01  -2.6666667E-01
   1.3333333E-01  -2.6666667E-01
   1.6666667E-01  -2.6666667E-01
   2.0000000E-01  -2.6666667E-01
   2.3333333E-01  -2.6666667E-01
   2.6666667E-01  -2.6666667E-01
   3.0000000E-01  -2.6666667E-01
   3.3333333E-01  -2.6666667E-01
   3.6666667E-01  -2.6666667E-01
   4.0000000E-01  -2.6666667E-01
   4.3333333E-01  -2.6666667E-01
   4.6666667E-01  -2.6666667E-01
   5.0000000E-01  -2.6666667E-01
  -6.6666667E-02  -2.3333333E-01
  -1.0000000E-01  -2.3333333E-01
  -3.3333333E-02  -2.3333333E-01
   0.0000000E+00  -2.3333333E-01
   3.3333333E-02  -2.3333333E-01
   6.6666667E-02  -2.3333333E-01
   1.0000000E-01  -2.3333333E-01
   1.3333333E-01  -2.3333333E-01
   1.6666667E-01  -2.3333333E-01
   2.0000000E-01  -2.3333333E-01
   2.3333333E-01  -2.3333333E-01
   2.6666667E-01  -2.3333333E-01
   3.0000000E-01  -2.3333333E-01
   3.3333333E-01  -2.3333333E-01
   3.6666667E-01  -2.3333333E-01
   4.0000000E-01  -2.3333333E-01
   4.3333333E-01  -2.3333333E-01
   4.6666667E-01  -2.3333333E-01
   5.0000000E-01  -2.3333333E-01
  -6.6666667E-02  -2.0000000E-01
  -1.0000000E-01  -2.0000000E-01
  -3.3333333E-02  -2.0000000E-01
  -1.3877788E-17  -2.0000000E-01
   3.3333333E-02  -2.0000000E-01
   6.6666667E-02  -2.0000000E-01
   1.0000000E-01  -2.0000000E-01
   1.3333333E-01  -2.0000000E-01
   1.6666667E-01  -2.0000000E-01
   2.0000000E-01  -2.0000000E-01
   2.3333333E-01  -2.0000000E-01
   2.6666667E-01  -2.0000000E-01
   3.0000000E-01  -2.0000000E-01
   3.3333333E-01  -2.0000000E-01
   3.6666667E-01  -2.0000000E-01
   4.0000000E-01  -2.0000000E-01
   4.3333333E-01  -2.0000000E-01
   4.6666667E-01  -2.0000000E-01
   5.0000000E-01  -2.0000000E-01
  -6.6666667E-02  -1.6666667E-01
  -1.0000000E-01  -1.6666667E-01
  -3.3333333E-02  -1.6666667E-01
   0.0000000E+00  -1.6666667E-01
   3.3333333E-02  -1.6666667E-01
   6.6666667E-02  -1.6666667E-01
   1.0000000E-01  -1.6666667E-01
   1.3333333E-01  -1.6666667E-01
   1.6666667E-01  -1.6666667E-01
   2.0000000E-01  -1.6666667E-01
   2.3333333E-01  -1.6666667E-01
   2.6666667E-01  -1.6666667E-01
   3.0000000E-01  -1.6666667E-01
   3.3333333E-01  -1.6666667E-01
   3.6666667E-01  -1.6666667E-01
   4.0000000E-01  -1.6666667E-01
   4.3333333E-01  -1.6666667E-01
   4.6666667E-01  -1.6666667E-01
   5.0000000E-01  -1.6666667E-01
  -6.6666667E-02  -1.3333333E-01
  -1.0000000E-01  -1.3333333E-01
  -3.3333333E-02  -1.3333333E-01
   0.0000000E+00  -1.3333333E-01
   3.3333333E-02  -1.3333333E-01
   6.6666667E-02  -1.3333333E-01
   1.0000000E-01  -1.3333333E-01
   1.3333333E-01  -1.3333333E-01
   1.6666667E-01  -1.3333333E-01
   2.0000000E-01  -1.3333333E-01
   2.3333333E-01  -1.3333333E-01
   2.6666667E-01  -1.3333333E-01
   3.0000000E-01  -1.3333333E-01
   3.3333333E-01  -1.3333333E-01
   3.6666667E-01  -1.3333333E-01
   4.0000000E-01  -1.3333333E-01
   4.3333333E-01  -1.3333333E-01
   4.6666667E-01  -1.3333333E-01
   5.0000000E-01  -1.3333333E-01
  -6.6666667E-02  -1.0000000E-01
  -1.0000000E-01  -1.0000000E-01
  -3.3333333E-02  -1.0000000E-01
   0.0000000E+00  -1.0000000E-01
   3.3333333E-02  -1.0000000E-01
   6.6666667E-02  -1.0000000E-01
   1.0000000E-01  -1.0000000E-01
   1.3333333E-01  -1.0000000E-01
   1.6666667E-01  -1.0000000E-01
   2.0000000E-01  -1.0000000E-01
   2.3333333E-01  -1.0000000E-01
   2.6666667E-01  -1.0000000E-01
   3.0000000E-01  -1.0000000E-01
   3.3333333E-01  -1.0000000E-01
   3.6666667E-01  -1.0000000E-01
   4.0000000E-01  -1.0000000E-01
   4.3333333E-01  -1.0000000E-01
   4.6666667E-01  -1.0000000E-01
   5.0000000E-01  -1.0000000E-01
  -5.0000000E-01   1.0000000E-01
  -5.0000000E-01   6.6666667E-02
  -4.6666667E-01   6.6666667E-02
  -4.6666667E-01   1.0000000E-01
  -5.0000000E-01   3.3333333E-02
  -4.6666667E-01   3.3333333E-02
  -5.0000000E-01   0.0000000E+00
  -4.6666667E-01  -6.0715322E-18
  -5.0000000E-01  -3.3333333E-02
  -4.6666667E-01  -3.3333333E-02
  -5.0000000E-01  -6.6666667E-02
  -4.6666667E-01  -6.6666667E-02
  -5.0000000E-01  -1.0000000E-01
  -4.6666667E-01  -1.0000000E-01
  -5.0000000E-01  -1.3333333E-01
  -4.6666667E-01  -1.3333333E-01
  -5.0000000E-01  -1.6666667E-01
  -4.6666667E-01  -1.6666667E-01
  -5.0000000E-01  -2.0000000E-01
  -4.6666667E-01  -2.0000000E-01
  -5.0000000E-01  -2.3333333E-01
  -4.6666667E-01  -2.3333333E-01
  -5.0000000E-01  -2.6666667E-01
  -4.6666667E-01  -2.6666667E-01
  -5.0000000E-01  -3.0000000E-01
  -4.6666667E-01  -3.0000000E-01
  -5.0000000E-01  -3.3333333E-01
  -4.6666667E-01  -3.3333333E-01
  -5.0000000E-01  -3.6666667E-01
  -4.6666667E-01  -3.6666667E-01
  -5.0000000E-01  -4.0000000E-01
  -4.6666667E-01  -4.0000000E-01
  -5.0000000E-01  -4.3333333E-01
  -4.6666667E-01  -4.3333333E-01
  -5.0000000E-01  -4.6666667E-01
  -4.6666667E-01  -4.6666667E-01
  -5.0000000E-01  -5.0000000E-01
  -4.6666667E-01  -5.0000000E-01
  -4.3333333E-01   6.6666667E-02
  -4.3333333E-01   1.0000000E-01
  -4.3333333E-01   3.3333333E-02
  -4.3333333E-01   1.7347235E-18
  -4.3333333E-01  -3.3333333E-02
  -4.3333333E-01  -6.6666667E-02
  -4.3333333E-01  -1.0000000E-01
  -4.3333333E-01  -1.3333333E-01
  -4.3333333E-01  -1.6666667E-01
  -4.3333333E-01  -2.0000000E-01
  -4.3333333E-01  -2.3333333E-01
  -4.3333333E-01  -2.6666667E-01
  -4.3333333E-01  -3.0000000E-01
  -4.3333333E-01  -3.3333333E-01
  -4.3333333E-01  -3.6666667E-01
  -4.3333333E-01  -4.0000000E-01
  -4.3333333E-01  -4.3333333E-01
  -4.3333333E-01  -4.6666667E-01
  -4.3333333E-01  -5.0000000E-01
  -4.0000000E-01   6.6666667E-02
  -4.0000000E-01   1.0000000E-01
  -4.0000000E-01   3.3333333E-02
  -4.0000000E-01  -3.4694470E-18
  -4.0000000E-01  -3.3333333E-02
  -4.0000000E-01  -6.6666667E-02
  -4.0000000E-01  -1.0000000E-01
  -4.0000000E-01  -1.3333333E-01
  -4.0000000E-01  -1.6666667E-01
  -4.0000000E-01  -2.0000000E-01
  -4.0000000E-01  -2.3333333E-01
  -4.0000000E-01  -2.6666667E-01
  -4.0000000E-01  -3.0000000E-01
  -4.0000000E-01  -3.3333333E-01
  -4.0000000E-01  -3.6666667E-01
  -4.0000000E-01  -4.0000000E-01
  -4.0000000E-01  -4.3333333E-01
  -4.0000000E-01  -4.6666667E-01
  -4.0000000E-01  -5.0000000E-01
  -3.6666667E-01   6.6666667E-02
  -3.6666667E-01   1.0000000E-01
  -3.6666667E-01   3.3333333E-02
  -3.6666667E-01  -1.3877788E-17
  -3.6666667E-01  -3.3333333E-02
  -3.6666667E-01  -6.6666667E-02
  -3.6666667E-01  -1.0000000E-01
  -3.6666667E-01  -1.3333333E-01
  -3.6666667E-01  -1.6666667E-01
  -3.6666667E-01  -2.0000000E-01
  -3.6666667E-01  -2.3333333E-01
  -3.6666667E-01  -2.6666667E-01
  -3.6666667E-01  -3.0000000E-01
  -3.6666667E-01  -3.3333333E-01
  -3.6666667E-01  -3.6666667E-01
  -3.6666667E-01  -4.0000000E-01
  -3.6666667E-01  -4.3333333E-01
  -3.6666667E-01  -4.6666667E-01
  -3.6666667E-01  -5.0000000E-01
  -3.3333333E-01   6.6666667E-02
  -3.3333333E-01   1.0000000E-01
  -3.3333333E-01   3.3333333E-02
  -3.3333333E-01  -1.3877788E-17
  -3.3333333E-01  -3.3333333E-02
  -3.3333333E-01  -6.6666667E-02
  -3.3333333E-01  -1.0000000E-01
  -3.3333333E-01  -1.3333333E-01
  -3.3333333E-01  -1.6666667E-01
  -3.3333333E-01  -2.0000000E-01
  -3.3333333E-01  -2.3333333E-01
  -3.3333333E-01  -2.6666667E-01
  -3.3333333E-01  -3.0000000E-01
  -3.3333333E-01  -3.3333333E-01
  -3.3333333E-01  -3.6666667E-01
  -3.3333333E-01  -4.0000000E-01
  -3.3333333E-01  -4.3333333E-01
  -3.3333333E-01  -4.6666667E-01
  -3.3333333E-01  -5.0000000E-01
  -3.0000000E-01   6.6666667E-02
  -3.0000000E-01   1.0000000E-01
  -3.0000000E-01   3.3333333E-02
  -3.0000000E-01   0.0000000E+00
  -3.0000000E-01  -3.3333333E-02
  -3.0000000E-01  -6.6666667E-02
  -3.0000000E-01  -1.0000000E-01
  -3.0000000E-01  -1.3333333E-01
  -3.0000000E-01  -1.6666667E-01
  -3.0000000E-01  -2.0000000E-01
  -3.0000000E-01  -2.3333333E-01
  -3.0000000E-01  -2.6666667E-01
  -3.0000000E-01  -3.0000000E-01
  -3.0000000E-01  -3.3333333E-01
  -3.0000000E-01  -3.6666667E-01
  -3.0000000E-01  -4.0000000E-01
  -3.0000000E-01  -4.3333333E-01
  -3.0000000E-01  -4.6666667E-01
  -3.0000000E-01  -5.0000000E-01
  -2.6666667E-01   6.6666667E-02
  -2.6666667E-01   1.0000000E-01
  -2.6666667E-01   3.3333333E-02
  -2.6666667E-01   1.3877788E-17
  -2.6666667E-01  -3.3333333E-02
  -2.6666667E-01  -6.6666667E-02
  -2.6666667E-01  -1.0000000E-01
  -2.6666667E-01  -1.3333333E-01
  -2.6666667E-01  -1.6666667E-01
  -2.6666667E-01  -2.0000000E-01
  -2.6666667E-01  -2.3333333E-01
  -2.6666667E-01  -2.6666667E-01
  -2.6666667E-01  -3.0000000E-01
  -2.6666667E-01  -3.3333333E-01
  -2.6666667E-01  -3.6666667E-01
  -2.6666667E-01  -4.0000000E-01
  -2.6666667E-01  -4.3333333E-01
  -2.6666667E-01  -4.6666667E-01
  -2.6666667E-01  -5.0000000E-01
  -2.3333333E-01   6.6666667E-02
  -2.3333333E-01   1.0000000E-01
  -2.3333333E-01   3.3333333E-02
  -2.3333333E-01   0.0000000E+00
  -2.3333333E-01  -3.3333333E-02
  -2.3333333E-01  -6.6666667E-02
  -2.3333333E-01  -1.0000000E-01
  -2.3333333E-01  -1.3333333E-01
  -2.3333333E-01  -1.6666667E-01
  -2.3333333E-01  -2.0000000E-01
  -2.3333333E-01  -2.3333333E-01
  -2.3333333E-01  -2.6666667E-01
  -2.3333333E-01  -3.0000000E-01
  -2.3333333E-01  -3.3333333E-01
  -2.3333333E-01  -3.6666667E-01
  -2.3333333E-01  -4.0000000E-01
  -2.3333333E-01  -4.3333333E-01
  -2.3333333E-01  -4.6666667E-01
  -2.3333333E-01  -5.0000000E-01
  -2.0000000E-01   6.6666667E-02
  -2.0000000E-01   1.0000000E-01
  -2.0000000E-01   3.3333333E-02
  -2.0000000E-01   1.3877788E-17
  -2.0000000E-01  -3.3333333E-02
  -2.0000000E-01  -6.6666667E-02
  -2.0000000E-01  -1.0000000E-01
  -2.0000000E-01  -1.3333333E-01
  -2.0000000E-01  -1.6666667E-01
  -2.0000000E-01  -2.0000000E-01
  -2.0000000E-01  -2.3333333E-01
  -2.0000000E-01  -2.6666667E-01
  -2.0000000E-01  -3.0000000E-01
  -2.0000000E-01  -3.3333333E-01
  -2.0000000E-01  -3.6666667E-01
  -2.0000000E-01  -4.0000000E-01
  -2.0000000E-01  -4.3333333E-01
  -2.0000000E-01  -4.6666667E-01
  -2.0000000E-01  -5.0000000E-01
  -1.6666667E-01   6.6666667E-02
  -1.6666667E-01   1.0000000E-01
  -1.6666667E-01   3.3333333E-02
  -1.6666667E-01   0.0000000E+00
  -1.6666667E-01  -3.3333333E-02
  -1.6666667E-01  -6.6666667E-02
  -1.6666667E-01  -1.0000000E-01
  -1.6666667E-01  -1.3333333E-01
  -1.6666667E-01  -1.6666667E-01
  -1.6666667E-01  -2.0000000E-01
  -1.6666667E-01  -2.3333333E-01
  -1.6666667E-01  -2.6666667E-01
  -1.6666667E-01  -3.0000000E-01
  -1.6666667E-01  -3.3333333E-01
  -1.6666667E-01  -3.6666667E-01
  -1.6666667E-01  -4.0000000E-01
  -1.6666667E-01  -4.3333333E-01
  -1.6666667E-01  -4.6666667E-01
  -1.6666667E-01  -5.0000000E-01
  -1.3333333E-01   6.6666667E-02
  -1.3333333E-01   1.0000000E-01
  -1.3333333E-01   3.3333333E-02
  -1.3333333E-01   0.0000000E+00
  -1.3333333E-01  -3.3333333E-02
  -1.3333333E-01  -6.6666667E-02
  -1.3333333E-01  -1.0000000E-01
  -1.3333333E-01  -1.3333333E-01
  -1.3333333E-01  -1.6666667E-01
  -1.3333333E-01  -2.0000000E-01
  -1.3333333E-01  -2.3333333E-01
  -1.3333333E-01  -2.6666667E-01
  -1.3333333E-01  -3.0000000E-01
  -1.3333333E-01  -3.3333333E-01
  -1.3333333E-01  -3.6666667E-01
  -1.3333333E-01  -4.0000000E-01
  -1.3333333E-01  -4.3333333E-01
  -1.3333333E-01  -4.6666667E-01
  -1.3333333E-01  -5.0000000E-01
  -1.0000000E-01   6.6666667E-02
  -1.0000000E-01   1.0000000E-01
  -1.0000000E-01   3.3333333E-02
  -1.0000000E-01   0.0000000E+00
  -1.0000000E-01  -3.3333333E-02
  -1.0000000E-01  -6.6666667E-02
   1.3333333E-01  -6.6666667E-02
   1.0000000E-01  -6.6666667E-02
   1.6666667E-01  -6.6666667E-02
   2.0000000E-01  -6.6666667E-02
   2.3333333E-01  -6.6666667E-02
   2.6666667E-01  -6.6666667E-02
   3.0000000E-01  -6.6666667E-02
   3.3333333E-01  -6.6666667E-02
   3.6666667E-01  -6.6666667E-02
   4.0000000E-01  -6.6666667E-02
   4.3333333E-01  -6.6666667E-02
   4.6666667E-01  -6.6666667E-02
   5.0000000E-01  -6.6666667E-02
   1.3333333E-01  -3.3333333E-02
   1.0000000E-01  -3.3333333E-02
   1.6666667E-01  -3.3333333E-02
   2.0000000E-01  -3.3333333E-02
   2.3333333E-01  -3.3333333E-02
   2.6666667E-01  -3.3333333E-02
   3.0000000E-01  -3.3333333E-02
   3.3333333E-01  -3.3333333E-02
   3.6666667E-01  -3.3333333E-02
   4.0000000E-01  -3.3333333E-02
   4.3333333E-01  -3.3333333E-02
   4.6666667E-01  -3.3333333E-02
   5.0000000E-01  -3.3333333E-02
   1.3333333E-01  -3.4694470E-18
   1.0000000E-01   0.0000000E+00
   1.6666667E-01  -6.9388939E-18
   2.0000000E-01  -3.4694470E-18
   2.3333333E-01  -1.7347235E-17
   2.6666667E-01  -1.3877788E-17
   3.0000000E-01   6.9388939E-18
   3.3333333E-01   1.3877788E-17
   3.6666667E-01   6.9388939E-18
   4.0000000E-01   1.3877788E-17
   4.3333333E-01   0.0000000E+00
   4.6666667E-01   0.0000000E+00
   5.0000000E-01   0.0000000E+00
   1.3333333E-01   3.3333333E-02
   1.0000000E-01   3.3333333E-02
   1.6666667E-01   3.3333333E-02
   2.0000000E-01   3.3333333E-02
   2.3333333E-01   3.3333333E-02
   2.6666667E-01   3.3333333E-02
   3.0000000E-01   3.3333333E-02
   3.3333333E-01   3.3333333E-02
   3.6666667E-01   3.3333333E-02
   4.0000000E-01   3.3333333E-02
   4.3333333E-01   3.3333333E-02
   4.6666667E-01   3.3333333E-02
   5.0000000E-01   3.3333333E-02
   1.3333333E-01   6.6666667E-02
   1.0000000E-01   6.6666667E-02
   1.6666667E-01   6.6666667E-02
   2.0000000E-01   6.6666667E-02
   2.3333333E-01   6.6666667E-02
   2.6666667E-01   6.6666667E-02
   3.0000000E-01   6.6666667E-02
   3.3333333E-01   6.6666667E-02
   3.6666667E-01   6.6666667E-02
   4.0000000E-01   6.6666667E-02
   4.3333333E-01   6.6666667E-02
   4.6666667E-01   6.6666667E-02
   5.0000000E-01   6.6666667E-02
   1.3333333E-01   1.0000000E-01
   1.0000000E-01   1.0000000E-01
   1.6666667E-01   1.0000000E-01
   2.0000000E-01   1.0000000E-01
   2.3333333E-01   1.0000000E-01
   2.6666667E-01   1.0000000E-01
   3.0000000E-01   1.0000000E-01
   3.3333333E-01   1.0000000E-01
   3.6666667E-01   1.0000000E-01
   4.0000000E-01   1.0000000E-01
   4.3333333E-01   1.0000000E-01
   4.6666667E-01   1.0000000E-01
   5.0000000E-01   1.0000000E-01
   1.3333333E-01   1.3333333E-01
   1.0000000E-01   1.3333333E-01
   1.6666667E-01   1.3333333E-01
   2.0000000E-01   1.3333333E-01
   2.3333333E-01   1.3333333E-01
   2.6666667E-01   1.3333333E-01
   3.0000000E-01   1.3333333E-01
   3.3333333E-01   1.3333333E-01
   3.6666667E-01   1.3333333E-01
   4.0000000E-01   1.3333333E-01
   4.3333333E-01   1.3333333E-01
   4.6666667E-01   1.3333333E-01
   5.0000000E-01   1.3333333E-01
   1.3333333E-01   1.6666667E-01
   1.0000000E-01   1.6666667E-01
   1.6666667E-01   1.6666667E-01
   2.0000000E-01   1.6666667E-01
   2.3333333E-01   1.6666667E-01
   2.6666667E-01   1.6666667E-01
   3.0000000E-01   1.6666667E-01
   3.3333333E-01   1.6666667E-01
   3.6666667E-01   1.6666667E-01
   4.0000000E-01   1.6666667E-01
   4.3333333E-01   1.6666667E-01
   4.6666667E-01   1.6666667E-01
   5.0000000E-01   1.6666667E-01
   1.3333333E-01   2.0000000E-01
   1.0000000E-01   2.0000000E-01
   1.6666667E-01   2.0000000E-01
   2.0000000E-01   2.0000000E-01
   2.3333333E-01   2.0000000E-01
   2.6666667E-01   2.0000000E-01
   3.0000000E-01   2.0000000E-01
   3.3333333E-01   2.0000000E-01
   3.6666667E-01   2.0000000E-01
   4.0000000E-01   2.0000000E-01
   4.3333333E-01   2.0000000E-01
   4.6666667E-01   2.0000000E-01
   5.0000000E-01   2.0000000E-01
   1.3333333E-01   2.3333333E-01
   1.0000000E-01   2.3333333E-01
   1.6666667E-01   2.3333333E-01
   2.0000000E-01   2.3333333E-01
   2.3333333E-01   2.3333333E-01
   2.6666667E-01   2.3333333E-01
   3.0000000E-01   2.3333333E-01
   3.3333333E-01   2.3333333E-01
   3.6666667E-01   2.3333333E-01
   4.0000000E-01   2.3333333E-01
   4.3333333E-01   2.3333333E-01
   4.6666667E-01   2.3333333E-01
   5.0000000E-01   2.3333333E-01
   1.3333333E-01   2.6666667E-01
   1.0000000E-01   2.6666667E-01
   1.6666667E-01   2.6666667E-01
   2.0000000E-01   2.6666667E-01
   2.3333333E-01   2.6666667E-01
   2.6666667E-01   2.6666667E-01
   3.0000000E-01   2.6666667E-01
   3.3333333E-01   2.6666667E-01
   3.6666667E-01   2.6666667E-01
   4.0000000E-01   2.6666667E-01
   4.3333333E-01   2.6666667E-01
   4.6666667E-01   2.6666667E-01
   5.0000000E-01   2.6666667E-01
   1.3333333E-01   3.0000000E-01
   1.0000000E-01   3.0000000E-01
   1.6666667E-01   3.0000000E-01
   2.0000000E-01   3.0000000E-01
   2.3333333E-01   3.0000000E-01
   2.6666667E-01   3.0000000E-01
   3.0000000E-01   3.0000000E-01
   3.3333333E-01   3.0000000E-01
   3.6666667E-01   3.0000000E-01
   4.0000000E-01   3.0000000E-01
   4.3333333E-01   3.0000000E-01
   4.6666667E-01   3.0000000E-01
   5.0000000E-01   3.0000000E-01
   1.3333333E-01   3.3333333E-01
   1.0000000E-01   3.3333333E-01
   1.6666667E-01   3.3333333E-01
   2.0000000E-01   3.3333333E-01
   2.3333333E-01   3.3333333E-01
   2.6666667E-01   3.3333333E-01
   3.0000000E-01   3.3333333E-01
   3.3333333E-01   3.3333333E-01
   3.6666667E-01   3.3333333E-01
   4.0000000E-01   3.3333333E-01
   4.3333333E-01   3.3333333E-01
   4.6666667E-01   3.3333333E-01
   5.0000000E-01   3.3333333E-01
   1.3333333E-01   3.6666667E-01
   1.0000000E-01   3.6666667E-01
   1.6666667E-01   3.6666667E-01
   2.0000000E-01   3.6666667E-01
   2.3333333E-01   3.6666667E-01
   2.6666667E-01   3.6666667E-01
   3.0000000E-01   3.6666667E-01
   3.3333333E-01   3.6666667E-01
   3.6666667E-01   3.6666667E-01
   4.0000000E-01   3.6666667E-01
   4.3333333E-01   3.6666667E-01
   4.6666667E-01   3.6666667E-01
   5.0000000E-01   3.6666667E-01
   1.3333333E-01   4.0000000E-01
   1.0000000E-01   4.0000000E-01
   1.6666667E-01   4.0000000E-01
   2.0000000E-01   4.0000000E-01
   2.3333333E-01   4.0000000E-01
   2.6666667E-01   4.0000000E-01
   3.0000000E-01   4.0000000E-01
   3.3333333E-01   4.0000000E-01
   3.6666667E-01   4.0000000E-01
   4.0000000E-01   4.0000000E-01
   4.3333333E-01   4.0000000E-01
   4.6666667E-01   4.0000000E-01
   5.0000000E-01   4.0000000E-01
   1.3333333E-01   4.3333333E-01
   1.0000000E-01   4.3333333E-01
   1.6666667E-01   4.3333333E-01
   2.0000000E-01   4.3333333E-01
   2.3333333E-01   4.3333333E-01
   2.6666667E-01   4.3333333E-01
   3.0000000E-01   4.3333333E-01
   3.3333333E-01   4.3333333E-01
   3.6666667E-01   4.3333333E-01
   4.0000000E-01   4.3333333E-01
   4.3333333E-01   4.3333333E-01
   4.6666667E-01   4.3333333E-01
   5.0000000E-01   4.3333333E-01
   1.3333333E-01   4.6666667E-01
   1.0000000E-01   4.6666667E-01
   1.6666667E-01   4.6666667E-01
   2.0000000E-01   4.6666667E-01
   2.3333333E-01   4.6666667E-01
   2.6666667E-01   4.6666667E-01
   3.0000000E-01   4.6666667E-01
   3.3333333E-01   4.6666667E-01
   3.6666667E-01   4.6666667E-01
   4.0000000E-01   4.6666667E-01
   4.3333333E-01   4.6666667E-01
   4.6666667E-01   4.6666667E-01
   5.0000000E-01   4.6666667E-01
   1.3333333E-01   5.0000000E-01
   1.0000000E-01   5.0000000E-01
   1.6666667E-01   5.0000000E-01
   2.0000000E-01   5.0000000E-01
   2.3333333E-01   5.0000000E-01
   2.6666667E-01   5.0000000E-01
   3.0000000E-01   5.0000000E-01
   3.3333333E-01   5.0000000E-01
   3.6666667E-01   5.0000000E-01
   4.0000000E-01   5.0000000E-01
   4.3333333E-01   5.0000000E-01
   4.6666667E-01   5.0000000E-01
   5.0000000E-01   5.0000000E-01
   6.6666667E-02   5.0000000E-01
   6.6666667E-02   4.6666667E-01
   3.3333333E-02   5.0000000E-01
   3.3333333E-02   4.6666667E-01
   0.0000000E+00   5.0000000E-01
  -6.0715322E-18   4.6666667E-01
  -3.3333333E-02   5.0000000E-01
  -3.3333333E-02   4.6666667E-01
  -6.6666667E-02   5.0000000E-01
  -6.6666667E-02   4.6666667E-01
  -1.0000000E-01   5.0000000E-01
  -1.0000000E-01   4.6666667E-01
  -1.3333333E-01   5.0000000E-01
  -1.3333333E-01   4.6666667E-01
  -1.6666667E-01   5.0000000E-01
  -1.6666667E-01   4.6666667E-01
  -2.0000000E-01   5.0000000E-01
  -2.0000000E-01   4.6666667E-01
  -2.3333333E-01   5.0000000E-01
  -2.3333333E-01   4.6666667E-01
  -2.6666667E-01   5.0000000E-01
  -2.6666667E-01   4.6666667E-01
  -3.0000000E-01   5.0000000E-01
  -3.0000000E-01   4.6666667E-01
  -3.3333333E-01   5.0000000E-01
  -3.3333333E-01   4.6666667E-01
  -3.6666667E-01   5.0000000E-01
  -3.6666667E-01   4.6666667E-01
  -4.0000000E-01   5.0000000E-01
  -4.0000000E-01   4.6666667E-01
  -4.3333333E-01   5.0000000E-01
  -4.3333333E-01   4.6666667E-01
  -4.6666667E-01   5.0000000E-01
  -4.6666667E-01   4.6666667E-01
  -5.0000000E-01   5.0000000E-01
  -5.0000000E-01   4.6666667E-01
   6.6666667E-02   4.3333333E-01
   3.3333333E-02   4.3333333E-01
   1.7347235E-18   4.3333333E-01
  -3.3333333E-02   4.3333333E-01
  -6.6666667E-02   4.3333333E-01
  -1.0000000E-01   4.3333333E-01
  -1.3333333E-01   4.3333333E-01
  -1.6666667E-01   4.3333333E-01
  -2.0000000E-01   4.3333333E-01
  -2.3333333E-01   4.3333333E-01
  -2.6666667E-01   4.3333333E-01
  -3.0000000E-01   4.3333333E-01
  -3.3333333E-01   4.3333333E-01
  -3.6666667E-01   4.3333333E-01
  -4.0000000E-01   4.3333333E-01
  -4.3333333E-01   4.3333333E-01
  -4.6666667E-01   4.3333333E-01
  -5.0000000E-01   4.3333333E-01
   6.6666667E-02   4.0000000E-01
   3.3333333E-02   4.0000000E-01
  -3.4694470E-18   4.0000000E-01
  -3.3333333E-02   4.0000000E-01
  -6.6666667E-02   4.0000000E-01
  -1.0000000E-01   4.0000000E-01
  -1.3333333E-01   4.0000000E-01
  -1.6666667E-01   4.0000000E-01
  -2.0000000E-01   4.0000000E-01
  -2.3333333E-01   4.0000000E-01
  -2.6666667E-01   4.0000000E-01
  -3.0000000E-01   4.0000000E-01
  -3.3333333E-01   4.0000000E-01
  -3.6666667E-01   4.0000000E-01
  -4.0000000E-01   4.0000000E-01
  -4.3333333E-01   4.0000000E-01
  -4.6666667E-01   4.0000000E-01
  -5.0000000E-01   4.0000000E-01
   6.6666667E-02   3.6666667E-01
   3.3333333E-02   3.6666667E-01
  -1.3877788E-17   3.6666667E-01
  -3.3333333E-02   3.6666667E-01
  -6.6666667E-02   3.6666667E-01
  -1.0000000E-01   3.6666667E-01
  -1.3333333E-01   3.6666667E-01
  -1.6666667E-01   3.6666667E-01
  -2.0000000E-01   3.6666667E-01
  -2.3333333E-01   3.6666667E-01
  -2.6666667E-01   3.6666667E-01
  -3.0000000E-01   3.6666667E-01
  -3.3333333E-01   3.6666667E-01
  -3.6666667E-01   3.6666667E-01
  -4.0000000E-01   3.6666667E-01
  -4.3333333E-01   3.6666667E-01
  -4.6666667E-01   3.6666667E-01
  -5.0000000E-01   3.6666667E-01
   6.6666667E-02   3.3333333E-01
   3.3333333E-02   3.3333333E-01
  -1.3877788E-17   3.3333333E-01
  -3.3333333E-02   3.3333333E-01
  -6.6666667E-02   3.3333333E-01
  -1.0000000E-01   3.3333333E-01
  -1.3333333E-01   3.3333333E-01
  -1.6666667E-01   3.3333333E-01
  -2.0000000E-01   3.3333333E-01
  -2.3333333E-01   3.3333333E-01
  -2.6666667E-01   3.3333333E-01
  -3.0000000E-01   3.3333333E-01
  -3.3333333E-01   3.3333333E-01
  -3.6666667E-01   3.3333333E-01
  -4.0000000E-01   3.3333333E-01
  -4.3333333E-01   3.3333333E-01
  -4.6666667E-01   3.3333333E-01
  -5.0000000E-01   3.3333333E-01
   6.6666667E-02   3.0000000E-01
   3.3333333E-02   3.0000000E-01
   0.0000000E+00   3.0000000E-01
  -3.3333333E-02   3.0000000E-01
  -6.6666667E-02   3.0000000E-01
  -1.0000000E-01   3.0000000E-01
  -1.3333333E-01   3.0000000E-01
  -1.6666667E-01   3.0000000E-01
  -2.0000000E-01   3.0000000E-01
  -2.3333333E-01   3.0000000E-01
  -2.6666667E-01   3.0000000E-01
  -3.0000000E-01   3.0000000E-01
  -3.3333333E-01   3.0000000E-01
  -3.6666667E-01   3.0000000E-01
  -4.0000000E-01   3.0000000E-01
  -4.3333333E-01   3.0000000E-01
  -4.6666667E-01   3.0000000E-01
  -5.0000000E-01   3.0000000E-01
   6.6666667E-02   2.6666667E-01
   3.3333333E-02   2.6666667E-01
   1.3877788E-17   2.6666667E-01
  -3.3333333E-02   2.6666667E-01
  -6.6666667E-02   2.6666667E-01
  -1.0000000E-01   2.6666667E-01
  -1.3333333E-01   2.6666667E-01
  -1.6666667E-01   2.6666667E-01
  -2.0000000E-01   2.6666667E-01
  -2.3333333E-01   2.6666667E-01
  -2.6666667E-01   2.6666667E-01
  -3.0000000E-01   2.6666667E-01
  -3.3333333E-01   2.6666667E-01
  -3.6666667E-01   2.6666667E-01
  -4.0000000E-01   2.6666667E-01
  -4.3333333E-01   2.6666667E-01
  -4.6666667E-01   2.6666667E-01
  -5.0000000E-01   2.6666667E-01
   6.6666667E-02   2.3333333E-01
   3.3333333E-02   2.3333333E-01
   0.0000000E+00   2.3333333E-01
  -3.3333333E-02   2.3333333E-01
  -6.6666667E-02   2.3333333E-01
  -1.0000000E-01   2.3333333E-01
  -1.3333333E-01   2.3333333E-01
  -1.6666667E-01   2.3333333E-01
  -2.0000000E-01   2.3333333E-01
  -2.3333333E-01   2.3333333E-01
  -2.6666667E-01   2.3333333E-01
  -3.0000000E-01   2.3333333E-01
  -3.3333333E-01   2.3333333E-01
  -3.6666667E-01   2.3333333E-01
  -4.0000000E-01   2.3333333E-01
  -4.3333333E-01   2.3333333E-01
  -4.6666667E-01   2.3333333E-01
  -5.0000000E-01   2.3333333E-01
   6.6666667E-02   2.0000000E-01
   3.3333333E-02   2.0000000E-01
   1.3877788E-17   2.0000000E-01
  -3.3333333E-02   2.0000000E-01
  -6.6666667E-02   2.0000000E-01
  -1.0000000E-01   2.0000000E-01
  -1.3333333E-01   2.0000000E-01
  -1.6666667E-01   2.0000000E-01
  -2.0000000E-01   2.0000000E-01
  -2.3333333E-01   2.0000000E-01
  -2.6666667E-01   2.0000000E-01
  -3.0000000E-01   2.0000000E-01
  -3.3333333E-01   2.0000000E-01
  -3.6666667E-01   2.0000000E-01
  -4.0000000E-01   2.0000000E-01
  -4.3333333E-01   2.0000000E-01
  -4.6666667E-01   2.0000000E-01
  -5.0000000E-01   2.0000000E-01
   6.6666667E-02   1.6666667E-01
   3.3333333E-02   1.6666667E-01
   0.0000000E+00   1.6666667E-01
  -3.3333333E-02   1.6666667E-01
  -6.6666667E-02   1.6666667E-01
  -1.0000000E-01   1.6666667E-01
  -1.3333333E-01   1.6666667E-01
  -1.6666667E-01   1.6666667E-01
  -2.0000000E-01   1.6666667E-01
  -2.3333333E-01   1.6666667E-01
  -2.6666667E-01   1.6666667E-01
  -3.0000000E-01   1.6666667E-01
  -3.3333333E-01   1.6666667E-01
  -3.6666667E-01   1.6666667E-01
  -4.0000000E-01   1.6666667E-01
  -4.3333333E-01   1.6666667E-01
  -4.6666667E-01   1.6666667E-01
  -5.0000000E-01   1.6666667E-01
   6.6666667E-02   1.3333333E-01
   3.3333333E-02   1.3333333E-01
   0.0000000E+00   1.3333333E-01
  -3.3333333E-02   1.3333333E-01
  -6.6666667E-02   1.3333333E-01
  -1.0000000E-01   1.3333333E-01
  -1.3333333E-01   1.3333333E-01
  -1.6666667E-01   1.3333333E-01
  -2.0000000E-01   1.3333333E-01
  -2.3333333E-01   1.3333333E-01
  -2.6666667E-01   1.3333333E-01
  -3.0000000E-01   1.3333333E-01
  -3.3333333E-01   1.3333333E-01
  -3.6666667E-01   1.3333333E-01
  -4.0000000E-01   1.3333333E-01
  -4.3333333E-01   1.3333333E-01
  -4.6666667E-01   1.3333333E-01
  -5.0000000E-01   1.3333333E-01
   6.6666667E-02   1.0000000E-01
   3.3333333E-02   1.0000000E-01
   0.0000000E+00   1.0000000E-01
  -3.3333333E-02   1.0000000E-01
  -6.6666667E-02   1.0000000E-01
! Node number map
sequence 1..numnp
! Element number map
sequence 1..numel
! Element order map
sequence 1..numel
! Element block    1
         1       864      SHELL4      ! ID, elements, element type
         4         1      ! nodes per element, attributes
! Connectivity
         1         2         3         4
         2         5         6         3
         5         7         8         6
         7         9        10         8
         9        11        12        10
        11        13        14        12
        13        15        16        14
        15        17        18        16
        17        19        20        18
        19        21        22        20
        21        23        24        22
        23        25        26        24
        25        27        28        26
        27        29        30        28
        29        31        32        30
        31        33        34        32
        33        35        36        34
        35        37        38        36
         4         3        39        40
         3         6        41        39
         6         8        42        41
         8        10        43        42
        10        12        44        43
        12        14        45        44
        14        16        46        45
        16        18        47        46
        18        20        48        47
        20        22        49        48
        22        24        50        49
        24        26        51        50
        26        28        52        51
        28        30        53        52
        30        32        54        53
        32        34        55        54
        34        36        56        55
        36        38        57        56
        40        39        58        59
        39        41        60        58
        41        42        61        60
        42        43        62        61
        43        44        63        62
        44        45        64        63
        45        46        65        64
        46        47        66        65
        47        48        67        66
        48        49        68        67
        49        50        69        68
        50        51        70        69
        51        52        71        70
        52        53        72        71
        53        54        73        72
        54        55        74        73
        55        56        75        74
        56        57        76        75
        59        58        77        78
        58        60        79        77
        60        61        80        79
        61        62        81        80
        62        63        82        81
        63        64        83        82
        64        65        84        83
        65        66        85        84
        66        67        86        85
        67        68        87        86
        68        69        88        87
        69        70        89        88
        70        71        90        89
        71        72        91        90
        72        73        92        91
        73        74        93        92
        74        75        94        93
        75        76        95        94
        78        77        96        97
        77        79        98        96
        79        80        99        98
        80        81       100        99
        81        82       101       100
        82        83       102       101
        83        84       103       102
        84        85       104       103
        85        86       105       104
        86        87       106       105
        87        88       107       106
        88        89       108       107
        89        90       109       108
        90        91       110       109
        91        92       111       110
        92        93       112       111
        93        94       113       112
        94        95       114       113
        97        96       115       116
        96        98       117       115
        98        99       118       117
        99       100       119       118
       100       101       120       119
       101       102       121       120
       102       103       122       121
       103       104       123       122
       104       105       124       123
       105       106       125       124
       106       107       126       125
       107       108       127       126
       108       109       128       127
       109       110       129       128
       110       111       130       129
       111       112       131       130
       112       113       132       131
       113       114       133       132
       116       115       134       135
       115       117       136       134
       117       118       137       136
       118       119       138       137
       119       120       139       138
       120       121       140       139
       121       122       141       140
       122       123       142       141
       123       124       143       142
       124       125       144       143
       125       126       145       144
       126       127       146       145
       127       128       147       146
       128       129       148       147
       129       130       149       148
       130       131       150       149
       131       132       151       150
       132       133       152       151
       135       134       153       154
       134       136       155       153
       136       137       156       155
       137       138       157       156
       138       139       158       157
       139       140       159       158
       140       141       160       159
       141       142       161       160
       142       143       162       161
       143       144       163       162
       144       145       164       163
       145       146       165       164
       146       147       166       165
       147       148       167       166
       148       149       168       167
       149       150       169       168
       150       151       170       169
       151       152       171       170
       154       153       172       173
       153       155       174       172
       155       156       175       174
       156       157       176       175
       157       158       177       176
       158       159       178       177
       159       160       179       178
       160       161       180       179
       161       162       181       180
       162       163       182       181
       163       164       183       182
       164       165       184       183
       165       166       185       184
       166       167       186       185
       167       168       187       186
       168       169       188       187
       169       170       189       188
       170       171       190       189
       173       172       191       192
       172       174       193       191
       174       175       194       193
       175       176       195       194
       176       177       196       195
       177       178       197       196
       178       179       198       197
       179       180       199       198
       180       181       200       199
       181       182       201       200
       182       183       202       201
       183       184       203       202
       184       185       204       203
       185       186       205       204
       186       187       206       205
       187       188       207       206
       188       189       208       207
       189       190       209       208
       192       191       210       211
       191       193       212       210
       193       194       213       212
       194       195       214       213
       195       196       215       214
       196       197       216       215
       197       198       217       216
       198       199       218       217
       199       200       219       218
       200       201       220       219
       201       202       221       220
       202       203       222       221
       203       204       223       222
       204       205       224       223
       205       206       225       224
       206       207       226       225
       207       208       227       226
       208       209       228       227
       211       210       229       230
       210       212       231       229
       212       213       232       231
       213       214       233       232
       214       215       234       233
       215       216       235       234
       216       217       236       235
       217       218       237       236
       218       219       238       237
       219       220       239       238
       220       221       240       239
       221       222       241       240
       222       223       242       241
       223       224       243       242
       224       225       244       243
       225       226       245       244
       226       227       246       245
       227       228       247       246
       248       249       250       251
       249       252       253       250
       252       254       255       253
       254       256       257       255
       256       258       259       257
       258       260       261       259
       260       262       263       261
       262       264       265       263
       264       266       267       265
       266       268       269       267
       268       270       271       269
       270       272       273       271
       272       274       275       273
       274       276       277       275
       276       278       279       277
       278       280       281       279
       280       282       283       281
       282       284       285       283
       251       250       286       287
       250       253       288       286
       253       255       289       288
       255       257       290       289
       257       259       291       290
       259       261       292       291
       261       263       293       292
       263       265       294       293
       265       267       295       294
       267       269       296       295
       269       271       297       296
       271       273       298       297
       273       275       299       298
       275       277       300       299
       277       279       301       300
       279       281       302       301
       281       283       303       302
       283       285       304       303
       287       286       305       306
       286       288       307       305
       288       289       308       307
       289       290       309       308
       290       291       310       309
       291       292       311       310
       292       293       312       311
       293       294       313       312
       294       295       314       313
       295       296       315       314
       296       297       316       315
       297       298       317       316
       298       299       318       317
       299       300       319       318
       300       301       320       319
       301       302       321       320
       302       303       322       321
       303       304       323       322
       306       305       324       325
       305       307       326       324
       307       308       327       326
       308       309       328       327
       309       310       329       328
       310       311       330       329
       311       312       331       330
       312       313       332       331
       313       314       333       332
       314       315       334       333
       315       316       335       334
       316       317       336       335
       317       318       337       336
       318       319       338       337
       319       320       339       338
       320       321       340       339
       321       322       341       340
       322       323       342       341
       325       324       343       344
       324       326       345       343
       326       327       346       345
       327       328       347       346
       328       329       348       347
       329       330       349       348
       330       331       350       349
       331       332       351       350
       332       333       352       351
       333       334       353       352
       334       335       354       353
       335       336       355       354
       336       337       356       355
       337       338       357       356
       338       339       358       357
       339       340       359       358
       340       341       360       359
       341       342       361       360
       344       343       362       363
       343       345       364       362
       345       346       365       364
       346       347       366       365
       347       348       367       366
       348       349       368       367
       349       350       369       368
       350       351       370       369
       351       352       371       370
       352       353       372       371
       353       354       373       372
       354       355       374       373
       355       356       375       374
       356       357       376       375
       357       358       377       376
       358       359       378       377
       359       360       379       378
       360       361       380       379
       363       362       381       382
       362       364       383       381
       364       365       384       383
       365       366       385       384
       366       367       386       385
       367       368       387       386
       368       369       388       387
       369       370       389       388
       370       371       390       389
       371       372       391       390
       372       373       392       391
       373       374       393       392
       374       375       394       393
       375       376       395       394
       376       377       396       395
       377       378       397       396
       378       379       398       397
       379       380       399       398
       382       381       400       401
       381       383       402       400
       383       384       403       402
       384       385       404       403
       385       386       405       404
       386       387       406       405
       387       388       407       406
       388       389       408       407
       389       390       409       408
       390       391       410       409
       391       392       411       410
       392       393       412       411
       393       394       413       412
       394       395       414       413
       395       396       415       414
       396       397       416       415
       397       398       417       416
       398       399       418       417
       401       400       419       420
       400       402       421       419
       402       403       422       421
       403       404       423       422
       404       405       424       423
       405       406       425       424
       406       407       426       425
       407       408       427       426
       408       409       428       427
       409       410       429       428
       410       411       430       429
       411       412       431       430
       412       413       432       431
       413       414       433       432
       414       415       434       433
       415       416       435       434
       416       417       436       435
       417       418       437       436
       420       419       438       439
       419       421       440       438
       421       422       441       440
       422       423       442       441
       423       424       443       442
       424       425       444       443
       425       426       445       444
       426       427       446       445
       427       428       447       446
       428       429       448       447
       429       430       449       448
       430       431       450       449
       431       432       451       450
       432       433       452       451
       433       434       453       452
       434       435       454       453
       435       436       455       454
       436       437       456       455
       439       438       457       458
       438       440       459       457
       440       441       460       459
       441       442       461       460
       442       443       462       461
       443       444       463       462
       444       445       464       463
       445       446       465       464
       446       447       466       465
       447       448       467       466
       448       449       468       467
       449       450       469       468
       450       451       470       469
       451       452       471       470
       452       453       472       471
       453       454       473       472
       454       455       474       473
       455       456       475       474
       458       457       476       477
       457       459       478       476
       459       460       479       478
       460       461       480       479
       461       462       481       480
       462       463       230       481
       463       464       211       230
       464       465       192       211
       465       466       173       192
       466       467       154       173
       467       468       135       154
       468       469       116       135
       469       470        97       116
       470       471        78        97
       471       472        59        78
       472       473        40        59
       473       474         4        40
       474       475         1         4
       235       236       482       483
       236       237       484       482
       237       238       485       484
       238       239       486       485
       239       240       487       486
       240       241       488       487
       241       242       489       488
       242       243       490       489
       243       244       491       490
       244       245       492       491
       245       246       493       492
       246       247       494       493
       483       482       495       496
       482       484       497       495
       484       485       498       497
       485       486       499       498
       486       487       500       499
       487       488       501       500
       488       489       502       501
       489       490       503       502
       490       491       504       503
       491       492       505       504
       492       493       506       505
       493       494       507       506
       496       495       508       509
       495       497       510       508
       497       498       511       510
       498       499       512       511
       499       500       513       512
       500       501       514       513
       501       502       515       514
       502       503       516       515
       503       504       517       516
       504       505       518       517
       505       506       519       518
       506       507       520       519
       509       508       521       522
       508       510       523       521
       510       511       524       523
       511       512       525       524
       512       513       526       525
       513       514       527       526
       514       515       528       527
       515       516       529       528
       516       517       530       529
       517       518       531       530
       518       519       532       531
       519       520       533       532
       522       521       534       535
       521       523       536       534
       523       524       537       536
       524       525       538       537
       525       526       539       538
       526       527       540       539
       527       528       541       540
       528       529       542       541
       529       530       543       542
       530       531       544       543
       531       532       545       544
       532       533       546       545
       535       534       547       548
       534       536       549       547
       536       537       550       549
       537       538       551       550
       538       539       552       551
       539       540       553       552
       540       541       554       553
       541       542       555       554
       542       543       556       555
       543       544       557       556
       544       545       558       557
       545       546       559       558
       548       547       560       561
       547       549       562       560
       549       550       563       562
       550       551       564       563
       551       552       565       564
       552       553       566       565
       553       554       567       566
       554       555       568       567
       555       556       569       568
       556       557       570       569
       557       558       571       570
       558       559       572       571
       561       560       573       574
       560       562       575       573
       562       563       576       575
       563       564       577       576
       564       565       578       577
       565       566       579       578
       566       567       580       579
       567       568       581       580
       568       569       582       581
       569       570       583       582
       570       571       584       583
       571       572       585       584
       574       573       586       587
       573       575       588       586
       575       576       589       588
       576       577       590       589
       577       578       591       590
       578       579       592       591
       579       580       593       592
       580       581       594       593
       581       582       595       594
       582       583       596       595
       583       584       597       596
       584       585       598       597
       587       586       599       600
       586       588       601       599
       588       589       602       601
       589       590       603       602
       590       591       604       603
       591       592       605       604
       592       593       606       605
       593       594       607       606
       594       595       608       607
       595       596       609       608
       596       597       610       609
       597       598       611       610
       600       599       612       613
       599       601       614       612
       601       602       615       614
       602       603       616       615
       603       604       617       616
       604       605       618       617
       605       606       619       618
       606       607       620       619
       607       608       621       620
       608       609       622       621
       609       610       623       622
       610       611       624       623
       613       612       625       626
       612       614       627       625
       614       615       628       627
       615       616       629       628
       616       617       630       629
       617       618       631       630
       618       619       632       631
       619       620       633       632
       620       621       634       633
       621       622       635       634
       622       623       636       635
       623       624       637       636
       626       625       638       639
       625       627       640       638
       627       628       641       640
       628       629       642       641
       629       630       643       642
       630       631       644       643
       631       632       645       644
       632       633       646       645
       633       634       647       646
       634       635       648       647
       635       636       649       648
       636       637       650       649
       639       638       651       652
       638       640       653       651
       640       641       654       653
       641       642       655       654
       642       643       656       655
       643       644       657       656
       644       645       658       657
       645       646       659       658
       646       647       660       659
       647       648       661       660
       648       649       662       661
       649       650       663       662
       652       651       664       665
       651       653       666       664
       653       654       667       666
       654       655       668       667
       655       656       669       668
       656       657       670       669
       657       658       671       670
       658       659       672       671
       659       660       673       672
       660       661       674       673
       661       662       675       674
       662       663       676       675
       665       664       677       678
       664       666       679       677
       666       667       680       679
       667       668       681       680
       668       669       682       681
       669       670       683       682
       670       671       684       683
       671       672       685       684
       672       673       686       685
       673       674       687       686
       674       675       688       687
       675       676       689       688
       678       677       690       691
       677       679       692       690
       679       680       693       692
       680       681       694       693
       681       682       695       694
       682       683       696       695
       683       684       697       696
       684       685       698       697
       685       686       699       698
       686       687       700       699
       687       688       701       700
       688       689       702       701
       691       690       703       704
       690       692       705       703
       692       693       706       705
       693       694       707       706
       694       695       708       707
       695       696       709       708
       696       697       710       709
       697       698       711       710
       698       699       712       711
       699       700       713       712
       700       701       714       713
       701       702       715       714
       704       716       717       691
       716       718       719       717
       718       720       721       719
       720       722       723       721
       722       724       725       723
       724       726       727       725
       726       728       729       727
       728       730       731       729
       730       732       733       731
       732       734       735       733
       734       736       737       735
       736       738       739       737
       738       740       741       739
       740       742       743       741
       742       744       745       743
       744       746       747       745
       746       748       749       747
       748       750       751       749
       691       717       752       678
       717       719       753       752
       719       721       754       753
       721       723       755       754
       723       725       756       755
       725       727       757       756
       727       729       758       757
       729       731       759       758
       731       733       760       759
       733       735       761       760
       735       737       762       761
       737       739       763       762
       739       741       764       763
       741       743       765       764
       743       745       766       765
       745       747       767       766
       747       749       768       767
       749       751       769       768
       678       752       770       665
       752       753       771       770
       753       754       772       771
       754       755       773       772
       755       756       774       773
       756       757       775       774
       757       758       776       775
       758       759       777       776
       759       760       778       777
       760       761       779       778
       761       762       780       779
       762       763       781       780
       763       764       782       781
       764       765       783       782
       765       766       784       783
       766       767       785       784
       767       768       786       785
       768       769       787       786
       665       770       788       652
       770       771       789       788
       771       772       790       789
       772       773       791       790
       773       774       792       791
       774       775       793       792
       775       776       794       793
       776       777       795       794
       777       778       796       795
       778       779       797       796
       779       780       798       797
       780       781       799       798
       781       782       800       799
       782       783       801       800
       783       784       802       801
       784       785       803       802
       785       786       804       803
       786       787       805       804
       652       788       806       639
       788       789       807       806
       789       790       808       807
       790       791       809       808
       791       792       810       809
       792       793       811       810
       793       794       812       811
       794       795       813       812
       795       796       814       813
       796       797       815       814
       797       798       816       815
       798       799       817       816
       799       800       818       817
       800       801       819       818
       801       802       820       819
       802       803       821       820
       803       804       822       821
       804       805       823       822
       639       806       824       626
       806       807       825       824
       807       808       826       825
       808       809       827       826
       809       810       828       827
       810       811       829       828
       811       812       830       829
       812       813       831       830
       813       814       832       831
       814       815       833       832
       815       816       834       833
       816       817       835       834
       817       818       836       835
       818       819       837       836
       819       820       838       837
       820       821       839       838
       821       822       840       839
       822       823       841       840
       626       824       842       613
       824       825       843       842
       825       826       844       843
       826       827       845       844
       827       828       846       845
       828       829       847       846
       829       830       848       847
       830       831       849       848
       831       832       850       849
       832       833       851       850
       833       834       852       851
       834       835       853       852
       835       836       854       853
       836       837       855       854
       837       838       856       855
       838       839       857       856
       839       840       858       857
       840       841       859       858
       613       842       860       600
       842       843       861       860
       843       844       862       861
       844       845       863       862
       845       846       864       863
       846       847       865       864
       847       848       866       865
       848       849       867       866
       849       850       868       867
       850       851       869       868
       851       852       870       869
       852       853       871       870
       853       854       872       871
       854       855       873       872
       855       856       874       873
       856       857       875       874
       857       858       876       875
       858       859       877       876
       600       860       878       587
       860       861       879       878
       861       862       880       879
       862       863       881       880
       863       864       882       881
       864       865       883       882
       865       866       884       883
       866       867       885       884
       867       868       886       885
       868       869       887       886
       869       870       888       887
       870       871       889       888
       871       872       890       889
       872       873       891       890
       873       874       892       891
       874       875       893       892
       875       876       894       893
       876       877       895       894
       587       878       896       574
       878       879       897       896
       879       880       898       897
       880       881       899       898
       881       882       900       899
       882       883       901       900
       883       884       902       901
       884       885       903       902
       885       886       904       903
       886       887       905       904
       887       888       906       905
       888       889       907       906
       889       890       908       907
       890       891       909       908
       891       892       910       909
       892       893       911       910
       893       894       912       911
       894       895       913       912
       574       896       914       561
       896       897       915       914
       897       898       916       915
       898       899       917       916
       899       900       918       917
       900       901       919       918
       901       902       920       919
       902       903       921       920
       903       904       922       921
       904       905       923       922
       905       906       924       923
       906       907       925       924
       907       908       926       925
       908       909       927       926
       909       910       928       927
       910       911       929       928
       911       912       930       929
       912       913       931       930
       561       914       932       548
       914       915       933       932
       915       916       934       933
       916       917       935       934
       917       918       936       935
       918       919       477       936
       919       920       458       477
       920       921       439       458
       921       922       420       439
       922       923       401       420
       923       924       382       401
       924       925       363       382
       925       926       344       363
       926       927       325       344
       927       928       306       325
       928       929       287       306
       929       930       251       287
       930       931       248       251
! Attributes
   1.0000000E+00
   1.0000000E+00
   1.0000000E+00
   1.0000000E+00
   1.0000000E+00
   1.0000000E+00
   1.0000000E+00
   1.0000000E+00
   1.0000000E+00
   1.0000000E+00
   1.0000000E+00
   1.0000000E+00
   1.0000000E+00
   1.0000000E+00
   1.0000000E+00
   1.0000000E+00
   1.0000000E+00
   1.0000000E+00
   1.0000000E+00
   1.0000000E+00
   1.0000000E+00
   1.0000000E+00
   1.0000000E+00
   1.0000000E+00
   1.0000000E+00
   1.0000000E+00
   1.0000000E+00
   1.0000000E+00
   1.0000000E+00
   1.0000000E+00
   1.0000000E+00
   1.0000000E+00
   1.0000000E+00
   1.0000000E+00
   1.0000000E+00
   1.0000000E+00
   1.0000000E+00
   1.0000000E+00
   1.0000000E+00
   1.0000000E+00
   1.0000000E+00
   1.0000000E+00
   1.0000000E+00
   1.0000000E+00
   1.0000000E+00
   1.0000000E+00
   1.0000000E+00
   1.0000000E+00
   1.0000000E+00
   1.0000000E+00
   1.0000000E+00
   1.0000000E+00
   1.0000000E+00
   1.0000000E+00
   1.0000000E+00
   1.0000000E+00
   1.0000000E+00
   1.0000000E+00
   1.0000000E+00
   1.0000000E+00
   1.0000000E+00
   1.0000000E+00
   1.0000000E+00
   1.0000000E+00
   1.0000000E+00
   1.0000000E+00
   1.0000000E+00
   1.0000000E+00
   1.0000000E+00
   1.0000000E+00
   1.0000000E+00
   1.0000000E+00
   1.0000000E+00
   1.0000000E+00
   1.0000000E+00
   1.0000000E+00
   1.0000000E+00
   1.0000000E+00
   1.0000000E+00
   1.0000000E+00
   1.0000000E+00
   1.0000000E+00
   1.0000000E+00
   1.0000000E+00
   1.0000000E+00
   1.0000000E+00
   1.0000000E+00
   1.0000000E+00
   1.0000000E+00
   1.0000000E+00
   1.0000000E+00
   1.0000000E+00
   1.0000000E+00
   1.0000000E+00
   1.0000000E+00
   1.0000000E+00
   1.0000000E+00
   1.0000000E+00
   1.0000000E+00
   1.0000000E+00
   1.0000000E+00
   1.0000000E+00
   1.0000000E+00
   1.0000000E+00
   1.0000000E+00
   1.0000000E+00
   1.0000000E+00
   1.0000000E+00
   1.0000000E+00
   1.0000000E+00
   1.0000000E+00
   1.0000000E+00
   1.0000000E+00
   1.0000000E+00
   1.0000000E+00
   1.0000000E+00
   1.0000000E+00
   1.0000000E+00
   1.0000000E+00
   1.0000000E+00
   1.0000000E+00
   1.0000000E+00
   1.0000000E+00
   1.0000000E+00
   1.0000000E+00
   1.0000000E+00
   1.0000000E+00
   1.0000000E+00
   1.0000000E+00
   1.0000000E+00
   1.0000000E+00
   1.0000000E+00
   1.0000000E+00
   1.0000000E+00
   1.0000000E+00
   1.0000000E+00
   1.0000000E+00
   1.0000000E+00
   1.0000000E+00
   1.0000000E+00
   1.0000000E+00
   1.0000000E+00
   1.0000000E+00
   1.0000000E+00
   1.0000000E+00
   1.0000000E+00
   1.0000000E+00
   1.0000000E+00
   1.0000000E+00
   1.0000000E+00
   1.0000000E+00
   1.0000000E+00
   1.0000000E+00
   1.0000000E+00
   1.0000000E+00
   1.0000000E+00
   1.0000000E+00
   1.0000000E+00
   1.0000000E+00
   1.0000000E+00
   1.0000000E+00
   1.0000000E+00
   1.0000000E+00
   1.0000000E+00
   1.0000000E+00
   1.0000000E+00
   1.0000000E+00
   1.0000000E+00
   1.0000000E+00
   1.0000000E+00
   1.0000000E+00
   1.0000000E+00
   1.0000000E+00
   1.0000000E+00
   1.0000000E+00
   1.0000000E+00
   1.0000000E+00
   1.0000000E+00
   1.0000000E+00
   1.0000000E+00
   1.0000000E+00
   1.0000000E+00
   1.0000000E+00
   1.0000000E+00
   1.0000000E+00
   1.0000000E+00
   1.0000000E+00
   1.0000000E+00
   1.0000000E+00
   1.0000000E+00
   1.0000000E+00
   1.0000000E+00
   1.0000000E+00
   1.0000000E+00
   1.0000000E+00
   1.0000000E+00
   1.0000000E+00
   1.0000000E+00
   1.0000000E+00
   1.0000000E+00
   1.0000000E+00
   1.0000000E+00
   1.0000000E+00
   1.0000000E+00
   1.0000000E+00
   1.0000000E+00
   1.0000000E+00
   1.0000000E+00
   1.0000000E+00
   1.0000000E+00
   1.0000000E+00
   1.0000000E+00
   1.0000000E+00
   1.0000000E+00
   1.0000000E+00
   1.0000000E+00
   1.0000000E+00
   1.0000000E+00
   1.0000000E+00
   1.0000000E+00
   1.0000000E+00
   1.0000000E+00
   1.0000000E+00
   1.0000000E+00
   1.0000000E+00
   1.0000000E+00
   1.0000000E+00
   1.0000000E+00
   1.0000000E+00
   1.0000000E+00
   1.0000000E+00
   1.0000000E+00
   1.0000000E+00
   1.0000000E+00
   1.0000000E+00
   1.0000000E+00
   1.0000000E+00
   1.0000000E+00
   1.0000000E+00
   1.0000000E+00
   1.0000000E+00
   1.0000000E+00
   1.0000000E+00
   1.0000000E+00
   1.0000000E+00
   1.0000000E+00
   1.0000000E+00
   1.0000000E+00
   1.0000000E+00
   1.0000000E+00
   1.0000000E+00
   1.0000000E+00
   1.0000000E+00
   1.0000000E+00
   1.0000000E+00
   1.0000000E+00
   1.0000000E+00
   1.0000000E+00
   1.0000000E+00
   1.0000000E+00
   1.0000000E+00
   1.0000000E+00
   1.0000000E+00
   1.0000000E+00
   1.0000000E+00
   1.0000000E+00
   1.0000000E+00
   1.0000000E+00
   1.0000000E+00
   1.0000000E+00
   1.0000000E+00
   1.0000000E+00
   1.0000000E+00
   1.0000000E+00
   1.0000000E+00
   1.0000000E+00
   1.0000000E+00
   1.0000000E+00
   1.0000000E+00
   1.0000000E+00
   1.0000000E+00
   1.0000000E+00
   1.0000000E+00
   1.0000000E+00
   1.0000000E+00
   1.0000000E+00
   1.0000000E+00
   1.0000000E+00
   1.0000000E+00
   1.0000000E+00
   1.0000000E+00
   1.0000000E+00
   1.0000000E+00
   1.0000000E+00
   1.0000000E+00
   1.0000000E+00
   1.0000000E+00
   1.0000000E+00
   1.0000000E+00
   1.0000000E+00
   1.0000000E+00
   1.0000000E+00
   1.0000000E+00
   1.0000000E+00
   1.0000000E+00
   1.0000000E+00
   1.0000000E+00
   1.0000000E+00
   1.0000000E+00
   1.0000000E+00
   1.0000000E+00
   1.0000000E+00
   1.0000000E+00
   1.0000000E+00
   1.0000000E+00
   1.0000000E+00
   1.0000000E+00
   1.0000000E+00
   1.0000000E+00
   1.0000000E+00
   1.0000000E+00
   1.0000000E+00
   1.0000000E+00
   1.0000000E+00
   1.0000000E+00
   1.0000000E+00
   1.0000000E+00
   1.0000000E+00
   1.0000000E+00
   1.0000000E+00
   1.0000000E+00
   1.0000000E+00
   1.0000000E+00
   1.0000000E+00
   1.0000000E+00
   1.0000000E+00
   1.0000000E+00
   1.0000000E+00
   1.0000000E+00
   1.0000000E+00
   1.0000000E+00
   1.0000000E+00
   1.0000000E+00
   1.0000000E+00
   1.0000000E+00
   1.0000000E+00
   1.0000000E+00
   1.0000000E+00
   1.0000000E+00
   1.0000000E+00
   1.0000000E+00
   1.0000000E+00
   1.0000000E+00
   1.0000000E+00
   1.0000000E+00
   1.0000000E+00
   1.0000000E+00
   1.0000000E+00
   1.0000000E+00
   1.0000000E+00
   1.0000000E+00
   1.0000000E+00
   1.0000000E+00
   1.0000000E+00
   1.0000000E+00
   1.0000000E+00
   1.0000000E+00
   1.0000000E+00
   1.0000000E+00
   1.0000000E+00
   1.0000000E+00
   1.0000000E+00
   1.0000000E+00
   1.0000000E+00
   1.0000000E+00
   1.0000000E+00
   1.0000000E+00
   1.0000000E+00
   1.0000000E+00
   1.0000000E+00
   1.0000000E+00
   1.0000000E+00
   1.0000000E+00
   1.0000000E+00
   1.0000000E+00
   1.0000000E+00
   1.0000000E+00
   1.0000000E+00
   1.0000000E+00
   1.0000000E+00
   1.0000000E+00
   1.0000000E+00
   1.0000000E+00
   1.0000000E+00
   1.0000000E+00
   1.0000000E+00
   1.0000000E+00
   1.0000000E+00
   1.0000000E+00
   1.0000000E+00
   1.0000000E+00
   1.0000000E+00
   1.0000000E+00
   1.0000000E+00
   1.0000000E+00
   1.0000000E+00
   1.0000000E+00
   1.0000000E+00
   1.0000000E+00
   1.0000000E+00
   1.0000000E+00
   1.0000000E+00
   1.0000000E+00
   1.0000000E+00
   1.0000000E+00
   1.0000000E+00
   1.0000000E+00
   1.0000000E+00
   1.0000000E+00
   1.0000000E+00
   1.0000000E+00
   1.0000000E+00
   1.0000000E+00
   1.0000000E+00
   1.0000000E+00
   1.0000000E+00
   1.0000000E+00
   1.0000000E+00
   1.0000000E+00
   1.0000000E+00
   1.0000000E+00
   1.0000000E+00
   1.0000000E+00
   1.0000000E+00
   1.0000000E+00
   1.0000000E+00
   1.0000000E+00
   1.0000000E+00
   1.0000000E+00
   1.0000000E+00
   1.0000000E+00
   1.0000000E+00
   1.0000000E+00
   1.0000000E+00
   1.0000000E+00
   1.0000000E+00
   1.0000000E+00
   1.0000000E+00
   1.0000000E+00
   1.0000000E+00
   1.0000000E+00
   1.0000000E+00
   1.0000000E+00
   1.0000000E+00
   1.0000000E+00
   1.0000000E+00
   1.0000000E+00
   1.0000000E+00
   1.0000000E+00
   1.0000000E+00
   1.0000000E+00
   1.0000000E+00
   1.0000000E+00
   1.0000000E+00
   1.0000000E+00
   1.0000000E+00
   1.0000000E+00
   1.0000000E+00
   1.0000000E+00
   1.0000000E+00
   1.0000000E+00
   1.0000000E+00
   1.0000000E+00
   1.0000000E+00
   1.0000000E+00
   1.0000000E+00
   1.0000000E+00
   1.0000000E+00
   1.0000000E+00
   1.0000000E+00
   1.0000000E+00
   1.0000000E+00
   1.0000000E+00
   1.0000000E+00
   1.0000000E+00
   1.0000000E+00
   1.0000000E+00
   1.0000000E+00
   1.0000000E+00
   1.0000000E+00
   1.0000000E+00
   1.0000000E+00
   1.0000000E+00
   1.0000000E+00
   1.0000000E+00
   1.0000000E+00
   1.0000000E+00
   1.0000000E+00
   1.0000000E+00
   1.0000000E+00
   1.0000000E+00
   1.0000000E+00
   1.0000000E+00
   1.0000000E+00
   1.0000000E+00
   1.0000000E+00
   1.0000000E+00
   1.0000000E+00
   1.0000000E+00
   1.0000000E+00
   1.0000000E+00
   1.0000000E+00
   1.0000000E+00
   1.0000000E+00
   1.0000000E+00
   1.0000000E+00
   1.0000000E+00
   1.0000000E+00
   1.0000000E+00
   1.0000000E+00
   1.0000000E+00
   1.0000000E+00
   1.0000000E+00
   1.0000000E+00
   1.0000000E+00
   1.0000000E+00
   1.0000000E+00
   1.0000000E+00
   1.0000000E+00
   1.0000000E+00
   1.0000000E+00
   1.0000000E+00
   1.0000000E+00
   1.0000000E+00
   1.0000000E+00
   1.0000000E+00
   1.0000000E+00
   1.0000000E+00
   1.0000000E+00
   1.0000000E+00
   1.0000000E+00
   1.0000000E+00
   1.0000000E+00
   1.0000000E+00
   1.0000000E+00
   1.0000000E+00
   1.0000000E+00
   1.0000000E+00
   1.0000000E+00
   1.0000000E+00
   1.0000000E+00
   1.0000000E+00
   1.0000000E+00
   1.0000000E+00
   1.0000000E+00
   1.0000000E+00
   1.0000000E+00
   1.0000000E+00
   1.0000000E+00
   1.0000000E+00
   1.0000000E+00
   1.0000000E+00
   1.0000000E+00
   1.0000000E+00
   1.0000000E+00
   1.0000000E+00
   1.0000000E+00
   1.0000000E+00
   1.0000000E+00
   1.0000000E+00
   1.0000000E+00
   1.0000000E+00
   1.0000000E+00
   1.0000000E+00
   1.0000000E+00
   1.0000000E+00
   1.0000000E+00
   1.0000000E+00
   1.0000000E+00
   1.0000000E+00
   1.0000000E+00
   1.0000000E+00
   1.0000000E+00
   1.0000000E+00
   1.0000000E+00
   1.0000000E+00
   1.0000000E+00
   1.0000000E+00
   1.0000000E+00
   1.0000000E+00
   1.0000000E+00
   1.0000000E+00
   1.0000000E+00
   1.0000000E+00
   1.0000000E+00
   1.0000000E+00
   1.0000000E+00
   1.0000000E+00
   1.0000000E+00
   1.0000000E+00
   1.0000000E+00
   1.0000000E+00
   1.0000000E+00
   1.0000000E+00
   1.0000000E+00
   1.0000000E+00
   1.0000000E+00
   1.0000000E+00
   1.0000000E+00
   1.0000000E+00
   1.0000000E+00
   1.0000000E+00
   1.0000000E+00
   1.0000000E+00
   1.0000000E+00
   1.0000000E+00
   1.0000000E+00
   1.0000000E+00
   1.0000000E+00
   1.0000000E+00
   1.0000000E+00
   1.0000000E+00
   1.0000000E+00
   1.0000000E+00
   1.0000000E+00
   1.0000000E+00
   1.0000000E+00
   1.0000000E+00
   1.0000000E+00
   1.0000000E+00
   1.0000000E+00
   1.0000000E+00
   1.0000000E+00
   1.0000000E+00
   1.0000000E+00
   1.0000000E+00
   1.0000000E+00
   1.0000000E+00
   1.0000000E+00
   1.0000000E+00
   1.0000000E+00
   1.0000000E+00
   1.0000000E+00
   1.0000000E+00
   1.0000000E+00
   1.0000000E+00
   1.0000000E+00
   1.0000000E+00
   1.0000000E+00
   1.0000000E+00
   1.0000000E+00
   1.0000000E+00
   1.0000000E+00
   1.0000000E+00
   1.0000000E+00
   1.0000000E+00
   1.0000000E+00
   1.0000000E+00
   1.0000000E+00
   1.0000000E+00
   1.0000000E+00
   1.0000000E+00
   1.0000000E+00
   1.0000000E+00
   1.0000000E+00
   1.0000000E+00
   1.0000000E+00
   1.0000000E+00
   1.0000000E+00
   1.0000000E+00
   1.0000000E+00
   1.0000000E+00
   1.0000000E+00
   1.0000000E+00
   1.0000000E+00
   1.0000000E+00
   1.0000000E+00
   1.0000000E+00
   1.0000000E+00
   1.0000000E+00
   1.0000000E+00
   1.0000000E+00
   1.0000000E+00
   1.0000000E+00
   1.0000000E+00
   1.0000000E+00
   1.0000000E+00
   1.0000000E+00
   1.0000000E+00
   1.0000000E+00
   1.0000000E+00
   1.0000000E+00
   1.0000000E+00
   1.0000000E+00
   1.0000000E+00
   1.0000000E+00
   1.0000000E+00
   1.0000000E+00
   1.0000000E+00
   1.0000000E+00
   1.0000000E+00
   1.0000000E+00
   1.0000000E+00
   1.0000000E+00
   1.0000000E+00
   1.0000000E+00
   1.0000000E+00
   1.0000000E+00
   1.0000000E+00
   1.0000000E+00
   1.0000000E+00
   1.0000000E+00
   1.0000000E+00
   1.0000000E+00
   1.0000000E+00
   1.0000000E+00
   1.0000000E+00
   1.0000000E+00
   1.0000000E+00
   1.0000000E+00
   1.0000000E+00
   1.0000000E+00
   1.0000000E+00
   1.0000000E+00
   1.0000000E+00
   1.0000000E+00
   1.0000000E+00
   1.0000000E+00
   1.0000000E+00
   1.0000000E+00
   1.0000000E+00
   1.0000000E+00
   1.0000000E+00
   1.0000000E+00
   1.0000000E+00
   1.0000000E+00
   1.0000000E+00
   1.0000000E+00
   1.0000000E+00
   1.0000000E+00
   1.0000000E+00
   1.0000000E+00
   1.0000000E+00
   1.0000000E+00
   1.0000000E+00
   1.0000000E+00
   1.0000000E+00
   1.0000000E+00
   1.0000000E+00
   1.0000000E+00
   1.0000000E+00
   1.0000000E+00
   1.0000000E+00
   1.0000000E+00
   1.0000000E+00
   1.0000000E+00
   1.0000000E+00
   1.0000000E+00
   1.0000000E+00
   1.0000000E+00
   1.0000000E+00
   1.0000000E+00
   1.0000000E+00
   1.0000000E+00
   1.0000000E+00
   1.0000000E+00
   1.0000000E+00
   1.0000000E+00
   1.0000000E+00
   1.0000000E+00
   1.0000000E+00
   1.0000000E+00
   1.0000000E+00
   1.0000000E+00
   1.0000000E+00
   1.0000000E+00
   1.0000000E+00
   1.0000000E+00
   1.0000000E+00
   1.0000000E+00
   1.0000000E+00
   1.0000000E+00
   1.0000000E+00
   1.0000000E+00
   1.0000000E+00
   1.0000000E+00
   1.0000000E+00
   1.0000000E+00
   1.0000000E+00
   1.0000000E+00
   1.0000000E+00
   1.0000000E+00
   1.0000000E+00
   1.0000000E+00
   1.0000000E+00
   1.0000000E+00
   1.0000000E+00
   1.0000000E+00
   1.0000000E+00
   1.0000000E+00
   1.0000000E+00
   1.0000000E+00
   1.0000000E+00
   1.0000000E+00
   1.0000000E+00
   1.0000000E+00
   1.0000000E+00
   1.0000000E+00
   1.0000000E+00
   1.0000000E+00
   1.0000000E+00
   1.0000000E+00
   1.0000000E+00
   1.0000000E+00
   1.0000000E+00
   1.0000000E+00
   1.0000000E+00
   1.0000000E+00
   1.0000000E+00
   1.0000000E+00
   1.0000000E+00
   1.0000000E+00
   1.0000000E+00
   1.0000000E+00
   1.0000000E+00
   1.0000000E+00
   1.0000000E+00
   1.0000000E+00
   1.0000000E+00
   1.0000000E+00
   1.0000000E+00
   1.0000000E+00
   1.0000000E+00
   1.0000000E+00
   1.0000000E+00
   1.0000000E+00
   1.0000000E+00
   1.0000000E+00
   1.0000000E+00
   1.0000000E+00
   1.0000000E+00
   1.0000000E+00
   1.0000000E+00
   1.0000000E+00
   1.0000000E+00
   1.0000000E+00
   1.0000000E+00
   1.0000000E+00
   1.0000000E+00
   1.0000000E+00
   1.0000000E+00
   1.0000000E+00
   1.0000000E+00
   1.0000000E+00
   1.0000000E+00
   1.0000000E+00
   1.0000000E+00
   1.0000000E+00
   1.0000000E+00
   1.0000000E+00
   1.0000000E+00
   1.0000000E+00
   1.0000000E+00
   1.0000000E+00
! Node sets                           2
! Len node set node list             32
! Len node set dist fact list        32
! Nodal point set         1
         1        31        31      ! ID, nodes, dist factors
       750     1.0000000E+00
       751     1.0000000E+00
       769     1.0000000E+00
       787     1.0000000E+00
       805     1.0000000E+00
       823     1.0000000E+00
       841     1.0000000E+00
       859     1.0000000E+00
       877     1.0000000E+00
       895     1.0000000E+00
       913     1.0000000E+00
       931     1.0000000E+00
       248     1.0000000E+00
       249     1.0000000E+00
       252     1.0000000E+00
       254     1.0000000E+00
       256     1.0000000E+00
       258     1.0000000E+00
       260     1.0000000E+00
       262     1.0000000E+00
       264     1.0000000E+00
       266     1.0000000E+00
       268     1.0000000E+00
       270     1.0000000E+00
       272     1.0000000E+00
       274     1.0000000E+00
       276     1.0000000E+00
       278     1.0000000E+00
       280     1.0000000E+00
       282     1.0000000E+00
       284     1.0000000E+00
! Nodal point set         2
         2         1         1      ! ID, nodes, dist factors
        37     1.0000000E+00
! Properties
         1            ! Number of ELEMENT BLOCK Properties
! Property Name: 
ID                              
! Property Value(s): 
         1
         1            ! Number of NODE SET Properties
! Property Name: 
ID                              
! Property Value(s): 
         1          2
         0            ! Number of SIDE SET Properties
! QA Records
         2      ! QA records
CUBIT                           
13.2                            
11/10/2016                      
15:57:11                        
exotxt                          
 1.23                           
20161110                        
16:01:08                        
! Information Records
         0      ! information records
! Variable names
         0         0         0      ! global, nodal, element variables



